-24 0 -0.054
-22.59 5.09256 -0.0533
-21.18 7.09214 -0.0523
-19.76 8.55857 -0.0511
-18.35 9.71921 -0.0496
-16.94 10.6821 -0.0477
-15.53 11.497 -0.0456
-14.12 12.1937 -0.043
-12.71 12.7914 -0.04
-11.29 13.3069 -0.0366
-9.88 13.7426 -0.0331
-8.47 14.1093 -0.0293
-7.06 14.4124 -0.0252
-5.65 14.6558 -0.0209
-4.24 14.8425 -0.0163
-2.82 14.9752 -0.0116
-1.41 15.0536 -0.0067
0 15.0796 -0.0017
1.41 15.0536 0.0033
2.82 14.9752 0.0083
4.24 14.8425 0.0132
5.65 14.6558 0.0179
7.06 14.4124 0.0224
8.47 14.1093 0.0267
9.88 13.7426 0.0307
11.29 13.3069 0.0343
12.71 12.7914 0.0375
14.12 12.1937 0.0402
15.53 11.497 0.0425
16.94 10.6821 0.0443
18.35 9.71921 0.0455
19.76 8.55857 0.0463
21.18 7.09214 0.0466
22.59 5.09256 0.0464
24 0 0.0458
22.59 -5.09256 0.0449
21.18 -7.09214 0.0437
19.76 -8.55857 0.0422
18.35 -9.71921 0.0404
16.94 -10.6821 0.0383
15.53 -11.497 0.0358
14.12 -12.1937 0.0331
12.71 -12.7914 0.0301
11.29 -13.3069 0.0269
9.88 -13.7426 0.0234
8.47 -14.1093 0.0197
7.06 -14.4124 0.0158
5.65 -14.6558 0.0117
4.24 -14.8425 0.0075
2.82 -14.9752 0.0032
1.41 -15.0536 -0.0012
0 -15.0796 -0.0057
-1.41 -15.0536 -0.0102
-2.82 -14.9752 -0.0146
-4.24 -14.8425 -0.0189
-5.65 -14.6558 -0.0232
-7.06 -14.4124 -0.0273
-8.47 -14.1093 -0.0312
-9.88 -13.7426 -0.0349
-11.29 -13.3069 -0.0384
-12.71 -12.7914 -0.0415
-14.12 -12.1937 -0.0444
-15.53 -11.497 -0.0469
-16.94 -10.6821 -0.049
-18.35 -9.71921 -0.0508
-19.76 -8.55857 -0.0522
-21.18 -7.09214 -0.0533
-22.59 -5.09256 -0.0541
-24 -0 -0.0545
-24 -0 -0.054
-24 0 -0.054
-22.59 10.1851 -0.0532
-21.18 14.1843 -0.0521
-19.76 17.1171 -0.0508
-18.35 19.4384 -0.0491
-16.94 21.3642 -0.0471
-15.53 22.994 -0.0449
-14.12 24.3874 -0.0424
-12.71 25.5829 -0.0396
-11.29 26.6139 -0.0365
-9.88 27.4852 -0.033
-8.47 28.2187 -0.0293
-7.06 28.8249 -0.0252
-5.65 29.3116 -0.0207
-4.24 29.6849 -0.016
-2.82 29.9504 -0.0111
-1.41 30.1072 -0.006
0 30.1593 -0.0008
1.41 30.1072 0.0044
2.82 29.9504 0.0098
4.24 29.6849 0.0151
5.65 29.3116 0.0203
7.06 28.8249 0.0253
8.47 28.2187 0.03
9.88 27.4852 0.0344
11.29 26.6139 0.0384
12.71 25.5829 0.042
14.12 24.3874 0.0451
15.53 22.994 0.0478
16.94 21.3642 0.0497
18.35 19.4384 0.0511
19.76 17.1171 0.0518
21.18 14.1843 0.052
22.59 10.1851 0.0515
24 0 0.0506
22.59 -10.1851 0.0491
21.18 -14.1843 0.0473
19.76 -17.1171 0.0451
18.35 -19.4384 0.0426
16.94 -21.3642 0.0399
15.53 -22.994 0.0368
14.12 -24.3874 0.0335
12.71 -25.5829 0.0301
11.29 -26.6139 0.0263
9.88 -27.4852 0.0224
8.47 -28.2187 0.0181
7.06 -28.8249 0.0137
5.65 -29.3116 0.0093
4.24 -29.6849 0.0047
2.82 -29.9504 0.0001
1.41 -30.1072 -0.0044
0 -30.1593 -0.0089
-1.41 -30.1072 -0.0135
-2.82 -29.9504 -0.0179
-4.24 -29.6849 -0.0222
-5.65 -29.3116 -0.0263
-7.06 -28.8249 -0.0302
-8.47 -28.2187 -0.0339
-9.88 -27.4852 -0.0374
-11.29 -26.6139 -0.0406
-12.71 -25.5829 -0.0435
-14.12 -24.3874 -0.0461
-15.53 -22.994 -0.0484
-16.94 -21.3642 -0.0503
-18.35 -19.4384 -0.0519
-19.76 -17.1171 -0.0532
-21.18 -14.1843 -0.0541
-22.59 -10.1851 -0.0547
-24 -0 -0.055
-24 -0 -0.054
-24 0 -0.0582
-22.59 15.2777 -0.057
-21.18 21.2764 -0.0555
-19.76 25.6757 -0.0537
-18.35 29.1576 -0.0516
-16.94 32.0463 -0.0491
-15.53 34.491 -0.0461
-14.12 36.581 -0.0429
-12.71 38.3743 -0.0394
-11.29 39.9208 -0.0357
-9.88 41.2278 -0.0317
-8.47 42.328 -0.0275
-7.06 43.2373 -0.023
-5.65 43.9675 -0.0184
-4.24 44.5274 -0.0136
-2.82 44.9256 -0.0086
-1.41 45.1608 -0.0037
0 45.2389 0.0012
1.41 45.1608 0.0061
2.82 44.9256 0.0108
4.24 44.5274 0.0155
5.65 43.9675 0.0199
7.06 43.2373 0.024
8.47 42.328 0.0278
9.88 41.2278 0.0312
11.29 39.9208 0.0343
12.71 38.3743 0.037
14.12 36.581 0.0392
15.53 34.491 0.041
16.94 32.0463 0.0423
18.35 29.1576 0.0431
19.76 25.6757 0.0434
21.18 21.2764 0.0433
22.59 15.2777 0.0427
24 0 0.0418
22.59 -15.2777 0.0406
21.18 -21.2764 0.0391
19.76 -25.6757 0.0373
18.35 -29.1576 0.0353
16.94 -32.0463 0.033
15.53 -34.491 0.0303
14.12 -36.581 0.0274
12.71 -38.3743 0.0242
11.29 -39.9208 0.0209
9.88 -41.2278 0.0173
8.47 -42.328 0.0133
7.06 -43.2373 0.0093
5.65 -43.9675 0.0051
4.24 -44.5274 0.0009
2.82 -44.9256 -0.0035
1.41 -45.1608 -0.008
0 -45.2389 -0.0125
-1.41 -45.1608 -0.017
-2.82 -44.9256 -0.0214
-4.24 -44.5274 -0.0259
-5.65 -43.9675 -0.0302
-7.06 -43.2373 -0.0344
-8.47 -42.328 -0.0382
-9.88 -41.2278 -0.0418
-11.29 -39.9208 -0.0452
-12.71 -38.3743 -0.0483
-14.12 -36.581 -0.0511
-15.53 -34.491 -0.0534
-16.94 -32.0463 -0.0553
-18.35 -29.1576 -0.0569
-19.76 -25.6757 -0.058
-21.18 -21.2764 -0.0586
-22.59 -15.2777 -0.059
-24 -0 -0.059
-24 -0 -0.0582
-24 0 -0.0504
-22.59 20.3702 -0.0493
-21.18 28.3686 -0.048
-19.76 34.2343 -0.0463
-18.35 38.8768 -0.0442
-16.94 42.7284 -0.0419
-15.53 45.988 -0.0392
-14.12 48.7747 -0.0365
-12.71 51.1657 -0.0334
-11.29 53.2278 -0.0301
-9.88 54.9704 -0.0266
-8.47 56.4374 -0.0227
-7.06 57.6497 -0.0186
-5.65 58.6233 -0.0144
-4.24 59.3698 -0.0098
-2.82 59.9007 -0.0053
-1.41 60.2144 -0.0007
0 60.3186 0.0041
1.41 60.2144 0.0087
2.82 59.9007 0.0133
4.24 59.3698 0.0179
5.65 58.6233 0.0221
7.06 57.6497 0.0262
8.47 56.4374 0.0301
9.88 54.9704 0.0336
11.29 53.2278 0.037
12.71 51.1657 0.0399
14.12 48.7747 0.0422
15.53 45.988 0.0441
16.94 42.7284 0.0454
18.35 38.8768 0.0464
19.76 34.2343 0.0468
21.18 28.3686 0.0468
22.59 20.3702 0.0462
24 0 0.0451
22.59 -20.3702 0.0435
21.18 -28.3686 0.0416
19.76 -34.2343 0.0394
18.35 -38.8768 0.0369
16.94 -42.7284 0.0342
15.53 -45.988 0.031
14.12 -48.7747 0.0278
12.71 -51.1657 0.0242
11.29 -53.2278 0.0204
9.88 -54.9704 0.0163
8.47 -56.4374 0.012
7.06 -57.6497 0.0077
5.65 -58.6233 0.0035
4.24 -59.3698 -0.0008
2.82 -59.9007 -0.005
1.41 -60.2144 -0.0093
0 -60.3186 -0.0137
-1.41 -60.2144 -0.0179
-2.82 -59.9007 -0.0221
-4.24 -59.3698 -0.026
-5.65 -58.6233 -0.0296
-7.06 -57.6497 -0.0332
-8.47 -56.4374 -0.0364
-9.88 -54.9704 -0.0395
-11.29 -53.2278 -0.0423
-12.71 -51.1657 -0.0446
-14.12 -48.7747 -0.0466
-15.53 -45.988 -0.0483
-16.94 -42.7284 -0.0496
-18.35 -38.8768 -0.0508
-19.76 -34.2343 -0.0515
-21.18 -28.3686 -0.052
-22.59 -20.3702 -0.052
-24 -0 -0.0517
-24 -0 -0.0504
-24 0 -0.0555
-22.59 25.4628 -0.0541
-21.18 35.4607 -0.0525
-19.76 42.7929 -0.0505
-18.35 48.596 -0.0483
-16.94 53.4104 -0.0455
-15.53 57.4851 -0.0424
-14.12 60.9684 -0.039
-12.71 63.9571 -0.0353
-11.29 66.5347 -0.0318
-9.88 68.713 -0.0279
-8.47 70.5467 -0.0238
-7.06 72.0622 -0.0195
-5.65 73.2791 -0.0148
-4.24 74.2123 -0.0097
-2.82 74.8759 -0.0046
-1.41 75.268 0.0003
0 75.3982 0.0052
1.41 75.268 0.0102
2.82 74.8759 0.0149
4.24 74.2123 0.0195
5.65 73.2791 0.0243
7.06 72.0622 0.0289
8.47 70.5467 0.033
9.88 68.713 0.0367
11.29 66.5347 0.04
12.71 63.9571 0.0426
14.12 60.9684 0.0446
15.53 57.4851 0.0464
16.94 53.4104 0.0477
18.35 48.596 0.0486
19.76 42.7929 0.0488
21.18 35.4607 0.0483
22.59 25.4628 0.0473
24 0 0.046
22.59 -25.4628 0.0443
21.18 -35.4607 0.0422
19.76 -42.7929 0.04
18.35 -48.596 0.0374
16.94 -53.4104 0.0345
15.53 -57.4851 0.0311
14.12 -60.9684 0.0276
12.71 -63.9571 0.0237
11.29 -66.5347 0.0199
9.88 -68.713 0.016
8.47 -70.5467 0.0117
7.06 -72.0622 0.0072
5.65 -73.2791 0.0024
4.24 -74.2123 -0.0026
2.82 -74.8759 -0.0076
1.41 -75.268 -0.0123
0 -75.3982 -0.0168
-1.41 -75.268 -0.0211
-2.82 -74.8759 -0.0252
-4.24 -74.2123 -0.0292
-5.65 -73.2791 -0.0333
-7.06 -72.0622 -0.0372
-8.47 -70.5467 -0.0408
-9.88 -68.713 -0.044
-11.29 -66.5347 -0.047
-12.71 -63.9571 -0.0494
-14.12 -60.9684 -0.0515
-15.53 -57.4851 -0.0534
-16.94 -53.4104 -0.0551
-18.35 -48.596 -0.0564
-19.76 -42.7929 -0.0573
-21.18 -35.4607 -0.0575
-22.59 -25.4628 -0.0575
-24 -0 -0.057
-24 -0 -0.0555
-24 0 -0.0566
-22.59 30.5553 -0.0547
-21.18 42.5529 -0.0522
-19.76 51.3514 -0.0495
-18.35 58.3152 -0.0461
-16.94 64.0925 -0.0426
-15.53 68.9821 -0.0389
-14.12 73.1621 -0.0345
-12.71 76.7486 -0.03
-11.29 79.8417 -0.0257
-9.88 82.4556 -0.0214
-8.47 84.656 -0.0167
-7.06 86.4746 -0.0123
-5.65 87.9349 -0.0081
-4.24 89.0547 -0.0037
-2.82 89.8511 0.0009
-1.41 90.3216 0.0054
0 90.4779 0.0098
1.41 90.3216 0.014
2.82 89.8511 0.0183
4.24 89.0547 0.0225
5.65 87.9349 0.0261
7.06 86.4746 0.0294
8.47 84.656 0.0325
9.88 82.4556 0.0357
11.29 79.8417 0.0385
12.71 76.7486 0.0409
14.12 73.1621 0.0431
15.53 68.9821 0.0451
16.94 64.0925 0.0463
18.35 58.3152 0.047
19.76 51.3514 0.0475
21.18 42.5529 0.0476
22.59 30.5553 0.047
24 0 0.0461
22.59 -30.5553 0.0447
21.18 -42.5529 0.0426
19.76 -51.3514 0.0404
18.35 -58.3152 0.0373
16.94 -64.0925 0.0342
15.53 -68.9821 0.0307
14.12 -73.1621 0.0265
12.71 -76.7486 0.0221
11.29 -79.8417 0.0179
9.88 -82.4556 0.0135
8.47 -84.656 0.0086
7.06 -86.4746 0.0038
5.65 -87.9349 -0.0007
4.24 -89.0547 -0.0053
2.82 -89.8511 -0.0104
1.41 -90.3216 -0.0155
0 -90.4779 -0.0202
-1.41 -90.3216 -0.0247
-2.82 -89.8511 -0.0293
-4.24 -89.0547 -0.0336
-5.65 -87.9349 -0.0372
-7.06 -86.4746 -0.0405
-8.47 -84.656 -0.0437
-9.88 -82.4556 -0.047
-11.29 -79.8417 -0.0499
-12.71 -76.7486 -0.0523
-14.12 -73.1621 -0.0544
-15.53 -68.9821 -0.0564
-16.94 -64.0925 -0.0577
-18.35 -58.3152 -0.0582
-19.76 -51.3514 -0.0585
-21.18 -42.5529 -0.0585
-22.59 -30.5553 -0.0579
-24 -0 -0.0572
-24 -0 -0.0566
-24 0 -0.0636
-22.59 35.6479 -0.0612
-21.18 49.645 -0.0589
-19.76 59.91 -0.0558
-18.35 68.0344 -0.0524
-16.94 74.7746 -0.0487
-15.53 80.4791 -0.0444
-14.12 85.3558 -0.0394
-12.71 89.54 -0.0344
-11.29 93.1486 -0.0294
-9.88 96.1982 -0.0244
-8.47 98.7654 -0.0188
-7.06 100.887 -0.0132
-5.65 102.591 -0.0078
-4.24 103.897 -0.0026
-2.82 104.826 0.0024
-1.41 105.375 0.0074
0 105.558 0.0124
1.41 105.375 0.0172
2.82 104.826 0.0214
4.24 103.897 0.0252
5.65 102.591 0.0288
7.06 100.887 0.0326
8.47 98.7654 0.0362
9.88 96.1982 0.0391
11.29 93.1486 0.0414
12.71 89.54 0.0436
14.12 85.3558 0.0457
15.53 80.4791 0.0472
16.94 74.7746 0.048
18.35 68.0344 0.0484
19.76 59.91 0.0489
21.18 49.645 0.0487
22.59 35.6479 0.048
24 0 0.0467
22.59 -35.6479 0.045
21.18 -49.645 0.0432
19.76 -59.91 0.0407
18.35 -68.0344 0.038
16.94 -74.7746 0.0351
15.53 -80.4791 0.0317
14.12 -85.3558 0.0279
12.71 -89.54 0.0237
11.29 -93.1486 0.0193
9.88 -96.1982 0.0147
8.47 -98.7654 0.0097
7.06 -100.887 0.0045
5.65 -102.591 -0.0005
4.24 -103.897 -0.0052
2.82 -104.826 -0.0099
1.41 -105.375 -0.015
0 -105.558 -0.0203
-1.41 -105.375 -0.0256
-2.82 -104.826 -0.0307
-4.24 -103.897 -0.0354
-5.65 -102.591 -0.0402
-7.06 -100.887 -0.0452
-8.47 -98.7654 -0.0499
-9.88 -96.1982 -0.0538
-11.29 -93.1486 -0.0569
-12.71 -89.54 -0.0596
-14.12 -85.3558 -0.0625
-15.53 -80.4791 -0.0649
-16.94 -74.7746 -0.0664
-18.35 -68.0344 -0.0672
-19.76 -59.91 -0.0678
-21.18 -49.645 -0.068
-22.59 -35.6479 -0.0671
-24 -0 -0.0659
-24 -0 -0.0636
