-24 0
-22.59 5.09256
-21.18 7.09214
-19.76 8.55857
-18.35 9.71921
-16.94 10.6821
-15.53 11.497
-14.12 12.1937
-12.71 12.7914
-11.29 13.3069
-9.88 13.7426
-8.47 14.1093
-7.06 14.4124
-5.65 14.6558
-4.24 14.8425
-2.82 14.9752
-1.41 15.0536
0 15.0796
1.41 15.0536
2.82 14.9752
4.24 14.8425
5.65 14.6558
7.06 14.4124
8.47 14.1093
9.88 13.7426
11.29 13.3069
12.71 12.7914
14.12 12.1937
15.53 11.497
16.94 10.6821
18.35 9.71921
19.76 8.55857
21.18 7.09214
22.59 5.09256
24 0
22.59 -5.09256
21.18 -7.09214
19.76 -8.55857
18.35 -9.71921
16.94 -10.6821
15.53 -11.497
14.12 -12.1937
12.71 -12.7914
11.29 -13.3069
9.88 -13.7426
8.47 -14.1093
7.06 -14.4124
5.65 -14.6558
4.24 -14.8425
2.82 -14.9752
1.41 -15.0536
0 -15.0796
-1.41 -15.0536
-2.82 -14.9752
-4.24 -14.8425
-5.65 -14.6558
-7.06 -14.4124
-8.47 -14.1093
-9.88 -13.7426
-11.29 -13.3069
-12.71 -12.7914
-14.12 -12.1937
-15.53 -11.497
-16.94 -10.6821
-18.35 -9.71921
-19.76 -8.55857
-21.18 -7.09214
-22.59 -5.09256
-24 -0
-24 -0
-24 0
-22.59 10.1851
-21.18 14.1843
-19.76 17.1171
-18.35 19.4384
-16.94 21.3642
-15.53 22.994
-14.12 24.3874
-12.71 25.5829
-11.29 26.6139
-9.88 27.4852
-8.47 28.2187
-7.06 28.8249
-5.65 29.3116
-4.24 29.6849
-2.82 29.9504
-1.41 30.1072
0 30.1593
1.41 30.1072
2.82 29.9504
4.24 29.6849
5.65 29.3116
7.06 28.8249
8.47 28.2187
9.88 27.4852
11.29 26.6139
12.71 25.5829
14.12 24.3874
15.53 22.994
16.94 21.3642
18.35 19.4384
19.76 17.1171
21.18 14.1843
22.59 10.1851
24 0
22.59 -10.1851
21.18 -14.1843
19.76 -17.1171
18.35 -19.4384
16.94 -21.3642
15.53 -22.994
14.12 -24.3874
12.71 -25.5829
11.29 -26.6139
9.88 -27.4852
8.47 -28.2187
7.06 -28.8249
5.65 -29.3116
4.24 -29.6849
2.82 -29.9504
1.41 -30.1072
0 -30.1593
-1.41 -30.1072
-2.82 -29.9504
-4.24 -29.6849
-5.65 -29.3116
-7.06 -28.8249
-8.47 -28.2187
-9.88 -27.4852
-11.29 -26.6139
-12.71 -25.5829
-14.12 -24.3874
-15.53 -22.994
-16.94 -21.3642
-18.35 -19.4384
-19.76 -17.1171
-21.18 -14.1843
-22.59 -10.1851
-24 -0
-24 -0
-24 0
-22.59 15.2777
-21.18 21.2764
-19.76 25.6757
-18.35 29.1576
-16.94 32.0463
-15.53 34.491
-14.12 36.581
-12.71 38.3743
-11.29 39.9208
-9.88 41.2278
-8.47 42.328
-7.06 43.2373
-5.65 43.9675
-4.24 44.5274
-2.82 44.9256
-1.41 45.1608
0 45.2389
1.41 45.1608
2.82 44.9256
4.24 44.5274
5.65 43.9675
7.06 43.2373
8.47 42.328
9.88 41.2278
11.29 39.9208
12.71 38.3743
14.12 36.581
15.53 34.491
16.94 32.0463
18.35 29.1576
19.76 25.6757
21.18 21.2764
22.59 15.2777
24 0
22.59 -15.2777
21.18 -21.2764
19.76 -25.6757
18.35 -29.1576
16.94 -32.0463
15.53 -34.491
14.12 -36.581
12.71 -38.3743
11.29 -39.9208
9.88 -41.2278
8.47 -42.328
7.06 -43.2373
5.65 -43.9675
4.24 -44.5274
2.82 -44.9256
1.41 -45.1608
0 -45.2389
-1.41 -45.1608
-2.82 -44.9256
-4.24 -44.5274
-5.65 -43.9675
-7.06 -43.2373
-8.47 -42.328
-9.88 -41.2278
-11.29 -39.9208
-12.71 -38.3743
-14.12 -36.581
-15.53 -34.491
-16.94 -32.0463
-18.35 -29.1576
-19.76 -25.6757
-21.18 -21.2764
-22.59 -15.2777
-24 -0
-24 -0
-24 0
-22.59 20.3702
-21.18 28.3686
-19.76 34.2343
-18.35 38.8768
-16.94 42.7284
-15.53 45.988
-14.12 48.7747
-12.71 51.1657
-11.29 53.2278
-9.88 54.9704
-8.47 56.4374
-7.06 57.6497
-5.65 58.6233
-4.24 59.3698
-2.82 59.9007
-1.41 60.2144
0 60.3186
1.41 60.2144
2.82 59.9007
4.24 59.3698
5.65 58.6233
7.06 57.6497
8.47 56.4374
9.88 54.9704
11.29 53.2278
12.71 51.1657
14.12 48.7747
15.53 45.988
16.94 42.7284
18.35 38.8768
19.76 34.2343
21.18 28.3686
22.59 20.3702
24 0
22.59 -20.3702
21.18 -28.3686
19.76 -34.2343
18.35 -38.8768
16.94 -42.7284
15.53 -45.988
14.12 -48.7747
12.71 -51.1657
11.29 -53.2278
9.88 -54.9704
8.47 -56.4374
7.06 -57.6497
5.65 -58.6233
4.24 -59.3698
2.82 -59.9007
1.41 -60.2144
0 -60.3186
-1.41 -60.2144
-2.82 -59.9007
-4.24 -59.3698
-5.65 -58.6233
-7.06 -57.6497
-8.47 -56.4374
-9.88 -54.9704
-11.29 -53.2278
-12.71 -51.1657
-14.12 -48.7747
-15.53 -45.988
-16.94 -42.7284
-18.35 -38.8768
-19.76 -34.2343
-21.18 -28.3686
-22.59 -20.3702
-24 -0
-24 -0
-24 0
-22.59 25.4628
-21.18 35.4607
-19.76 42.7929
-18.35 48.596
-16.94 53.4104
-15.53 57.4851
-14.12 60.9684
-12.71 63.9571
-11.29 66.5347
-9.88 68.713
-8.47 70.5467
-7.06 72.0622
-5.65 73.2791
-4.24 74.2123
-2.82 74.8759
-1.41 75.268
0 75.3982
1.41 75.268
2.82 74.8759
4.24 74.2123
5.65 73.2791
7.06 72.0622
8.47 70.5467
9.88 68.713
11.29 66.5347
12.71 63.9571
14.12 60.9684
15.53 57.4851
16.94 53.4104
18.35 48.596
19.76 42.7929
21.18 35.4607
22.59 25.4628
24 0
22.59 -25.4628
21.18 -35.4607
19.76 -42.7929
18.35 -48.596
16.94 -53.4104
15.53 -57.4851
14.12 -60.9684
12.71 -63.9571
11.29 -66.5347
9.88 -68.713
8.47 -70.5467
7.06 -72.0622
5.65 -73.2791
4.24 -74.2123
2.82 -74.8759
1.41 -75.268
0 -75.3982
-1.41 -75.268
-2.82 -74.8759
-4.24 -74.2123
-5.65 -73.2791
-7.06 -72.0622
-8.47 -70.5467
-9.88 -68.713
-11.29 -66.5347
-12.71 -63.9571
-14.12 -60.9684
-15.53 -57.4851
-16.94 -53.4104
-18.35 -48.596
-19.76 -42.7929
-21.18 -35.4607
-22.59 -25.4628
-24 -0
-24 -0
-24 0
-22.59 30.5553
-21.18 42.5529
-19.76 51.3514
-18.35 58.3152
-16.94 64.0925
-15.53 68.9821
-14.12 73.1621
-12.71 76.7486
-11.29 79.8417
-9.88 82.4556
-8.47 84.656
-7.06 86.4746
-5.65 87.9349
-4.24 89.0547
-2.82 89.8511
-1.41 90.3216
0 90.4779
1.41 90.3216
2.82 89.8511
4.24 89.0547
5.65 87.9349
7.06 86.4746
8.47 84.656
9.88 82.4556
11.29 79.8417
12.71 76.7486
14.12 73.1621
15.53 68.9821
16.94 64.0925
18.35 58.3152
19.76 51.3514
21.18 42.5529
22.59 30.5553
24 0
22.59 -30.5553
21.18 -42.5529
19.76 -51.3514
18.35 -58.3152
16.94 -64.0925
15.53 -68.9821
14.12 -73.1621
12.71 -76.7486
11.29 -79.8417
9.88 -82.4556
8.47 -84.656
7.06 -86.4746
5.65 -87.9349
4.24 -89.0547
2.82 -89.8511
1.41 -90.3216
0 -90.4779
-1.41 -90.3216
-2.82 -89.8511
-4.24 -89.0547
-5.65 -87.9349
-7.06 -86.4746
-8.47 -84.656
-9.88 -82.4556
-11.29 -79.8417
-12.71 -76.7486
-14.12 -73.1621
-15.53 -68.9821
-16.94 -64.0925
-18.35 -58.3152
-19.76 -51.3514
-21.18 -42.5529
-22.59 -30.5553
-24 -0
-24 -0
-24 0
-22.59 35.6479
-21.18 49.645
-19.76 59.91
-18.35 68.0344
-16.94 74.7746
-15.53 80.4791
-14.12 85.3558
-12.71 89.54
-11.29 93.1486
-9.88 96.1982
-8.47 98.7654
-7.06 100.887
-5.65 102.591
-4.24 103.897
-2.82 104.826
-1.41 105.375
0 105.558
1.41 105.375
2.82 104.826
4.24 103.897
5.65 102.591
7.06 100.887
8.47 98.7654
9.88 96.1982
11.29 93.1486
12.71 89.54
14.12 85.3558
15.53 80.4791
16.94 74.7746
18.35 68.0344
19.76 59.91
21.18 49.645
22.59 35.6479
24 0
22.59 -35.6479
21.18 -49.645
19.76 -59.91
18.35 -68.0344
16.94 -74.7746
15.53 -80.4791
14.12 -85.3558
12.71 -89.54
11.29 -93.1486
9.88 -96.1982
8.47 -98.7654
7.06 -100.887
5.65 -102.591
4.24 -103.897
2.82 -104.826
1.41 -105.375
0 -105.558
-1.41 -105.375
-2.82 -104.826
-4.24 -103.897
-5.65 -102.591
-7.06 -100.887
-8.47 -98.7654
-9.88 -96.1982
-11.29 -93.1486
-12.71 -89.54
-14.12 -85.3558
-15.53 -80.4791
-16.94 -74.7746
-18.35 -68.0344
-19.76 -59.91
-21.18 -49.645
-22.59 -35.6479
-24 -0
-24 -0
