          70          19
  alpha   beta   sita    psi    phi      CL      CD     Cm     Cnor     Cax     Cy      Cn      Cl     f    V   t  sitaj   psij   phij
  21.99 -22.43  18.43 -25.39   8.53   .7757   .4095   .0087   .8730  -.0204   .3358  -.0582   .0605   .3 25.0 99.0  20.25 -24.00    .00
  21.78 -21.12  18.64 -23.91   8.07   .7778   .4044   .0091   .8730  -.0203   .3317  -.0570   .0597   .3 25.0 99.0  20.25 -22.59    .00
  21.59 -19.81  18.83 -22.44   7.59   .7809   .3981   .0096   .8734  -.0202   .3251  -.0555   .0585   .3 25.0 99.0  20.25 -21.18    .00
  21.41 -18.50  19.01 -20.96   7.11   .7845   .3908   .0101   .8740  -.0203   .3167  -.0537   .0569   .3 25.0 99.0  20.25 -19.76    .00
  21.24 -17.18  19.18 -19.47   6.63   .7885   .3824   .0107   .8746  -.0207   .3063  -.0516   .0550   .3 25.0 99.0  20.25 -18.35    .00
  21.09 -15.87  19.34 -17.99   6.14   .7928   .3732   .0112   .8752  -.0212   .2941  -.0491   .0526   .3 25.0 99.0  20.25 -16.94    .00
  20.95 -14.55  19.48 -16.50   5.64   .7976   .3633   .0118   .8758  -.0219   .2801  -.0461   .0500   .3 25.0 99.0  20.25 -15.53    .00
  20.83 -13.23  19.61 -15.01   5.14   .8021   .3527   .0123   .8761  -.0229   .2638  -.0429   .0469   .3 25.0 99.0  20.25 -14.12    .00
  20.72 -11.91  19.73 -13.51   4.64   .8070   .3420   .0129   .8767  -.0239   .2454  -.0394   .0436   .3 25.0 99.0  20.25 -12.71    .00
  20.62 -10.59  19.84 -12.02   4.13   .8119   .3313   .0134   .8772  -.0252   .2253  -.0357   .0399   .3 25.0 99.0  20.25 -11.29    .00
  20.53  -9.27  19.94 -10.52   3.62   .8164   .3209   .0139   .8775  -.0265   .2035  -.0317   .0360   .3 25.0 99.0  20.25  -9.88    .00
  20.45  -7.94  20.02  -9.02   3.11   .8205   .3110   .0143   .8777  -.0280   .1798  -.0275   .0318   .3 25.0 99.0  20.25  -8.47    .00
  20.39  -6.62  20.09  -7.52   2.60   .8243   .3019   .0148   .8778  -.0296   .1545  -.0230   .0274   .3 25.0 99.0  20.25  -7.06    .00
  20.34  -5.30  20.15  -6.02   2.08   .8275   .2938   .0151   .8777  -.0312   .1277  -.0184   .0228   .3 25.0 99.0  20.25  -5.65    .00
  20.30  -3.97  20.19  -4.51   1.56   .8296   .2871   .0153   .8771  -.0328   .1002  -.0136   .0180   .3 25.0 99.0  20.25  -4.24    .00
  20.27  -2.65  20.22  -3.01   1.04   .8310   .2821   .0155   .8766  -.0344   .0719  -.0086   .0131   .3 25.0 99.0  20.25  -2.82    .00
  20.26  -1.32  20.24  -1.50    .52   .8315   .2784   .0156   .8757  -.0360   .0429  -.0037   .0081   .3 25.0 99.0  20.25  -1.41    .00
  20.25    .00  20.25    .00    .00   .8309   .2765   .0156   .8744  -.0375   .0135   .0012   .0031   .3 25.0 99.0  20.25    .00    .00
  20.26   1.32  20.24   1.50   -.52   .8295   .2762   .0156   .8730  -.0390  -.0158   .0061  -.0020   .3 25.0 99.0  20.25   1.41    .00
  20.27   2.65  20.22   3.01  -1.04   .8275   .2778   .0156   .8716  -.0403  -.0445   .0108  -.0070   .3 25.0 99.0  20.25   2.82    .00
  20.30   3.97  20.19   4.51  -1.56   .8242   .2810   .0154   .8697  -.0415  -.0724   .0155  -.0119   .3 25.0 99.0  20.25   4.24    .00
  20.34   5.30  20.15   6.02  -2.08   .8203   .2856   .0152   .8678  -.0426  -.0993   .0199  -.0168   .3 25.0 99.0  20.25   5.65    .00
  20.39   6.62  20.09   7.52  -2.60   .8159   .2915   .0151   .8659  -.0435  -.1249   .0240  -.0214   .3 25.0 99.0  20.25   7.06    .00
  20.45   7.94  20.02   9.02  -3.11   .8108   .2983   .0149   .8636  -.0442  -.1488   .0278  -.0258   .3 25.0 99.0  20.25   8.47    .00
  20.53   9.27  19.94  10.52  -3.62   .8054   .3059   .0147   .8614  -.0448  -.1706   .0312  -.0300   .3 25.0 99.0  20.25   9.88    .00
  20.62  10.59  19.84  12.02  -4.13   .7999   .3138   .0146   .8592  -.0452  -.1902   .0343  -.0339   .3 25.0 99.0  20.25  11.29    .00
  20.72  11.91  19.73  13.51  -4.64   .7944   .3218   .0145   .8570  -.0455  -.2072   .0370  -.0375   .3 25.0 99.0  20.25  12.71    .00
  20.83  13.23  19.61  15.01  -5.14   .7891   .3295   .0144   .8550  -.0455  -.2219   .0392  -.0406   .3 25.0 99.0  20.25  14.12    .00
  20.95  14.55  19.48  16.50  -5.64   .7845   .3366   .0144   .8532  -.0456  -.2340   .0410  -.0434   .3 25.0 99.0  20.25  15.53    .00
  21.09  15.87  19.34  17.99  -6.14   .7803   .3427   .0144   .8515  -.0454  -.2431   .0423  -.0457   .3 25.0 99.0  20.25  16.94    .00
  21.24  17.18  19.18  19.47  -6.63   .7768   .3475   .0145   .8501  -.0451  -.2495   .0431  -.0474   .3 25.0 99.0  20.25  18.35    .00
  21.41  18.50  19.01  20.96  -7.11   .7743   .3509   .0146   .8490  -.0448  -.2532   .0434  -.0487   .3 25.0 99.0  20.25  19.76    .00
  21.59  19.81  18.83  22.44  -7.59   .7730   .3524   .0149   .8483  -.0443  -.2542   .0433  -.0495   .3 25.0 99.0  20.25  21.18    .00
  21.78  21.12  18.64  23.91  -8.07   .7725   .3519   .0151   .8477  -.0440  -.2530   .0427  -.0497   .3 25.0 99.0  20.25  22.59    .00
  21.99  22.43  18.43  25.39  -8.53   .7732   .3496   .0155   .8475  -.0435  -.2496   .0418  -.0495   .3 25.0 99.0  20.25  24.00    .00
  21.78  21.12  18.64  23.91  -8.07   .7750   .3452   .0159   .8476  -.0430  -.2443   .0406  -.0487   .3 25.0 99.0  20.25  22.59    .00
  21.59  19.81  18.83  22.44  -7.59   .7773   .3401   .0162   .8479  -.0426  -.2373   .0391  -.0474   .3 25.0 99.0  20.25  21.18    .00
  21.41  18.50  19.01  20.96  -7.11   .7801   .3342   .0166   .8483  -.0423  -.2289   .0373  -.0457   .3 25.0 99.0  20.25  19.76    .00
  21.24  17.18  19.18  19.47  -6.63   .7832   .3280   .0169   .8489  -.0420  -.2192   .0353  -.0436   .3 25.0 99.0  20.25  18.35    .00
  21.09  15.87  19.34  17.99  -6.14   .7872   .3211   .0172   .8501  -.0418  -.2072   .0330  -.0410   .3 25.0 99.0  20.25  16.94    .00
  20.95  14.55  19.48  16.50  -5.64   .7911   .3141   .0174   .8511  -.0414  -.1940   .0303  -.0380   .3 25.0 99.0  20.25  15.53    .00
  20.83  13.23  19.61  15.01  -5.14   .7953   .3067   .0177   .8524  -.0413  -.1794   .0274  -.0347   .3 25.0 99.0  20.25  14.12    .00
  20.72  11.91  19.73  13.51  -4.64   .8000   .2995   .0179   .8541  -.0411  -.1629   .0242  -.0310   .3 25.0 99.0  20.25  12.71    .00
  20.62  10.59  19.84  12.02  -4.13   .8041   .2924   .0179   .8553  -.0407  -.1447   .0209  -.0270   .3 25.0 99.0  20.25  11.29    .00
  20.53   9.27  19.94  10.52  -3.62   .8087   .2860   .0180   .8571  -.0404  -.1255   .0173  -.0228   .3 25.0 99.0  20.25   9.88    .00
  20.45   7.94  20.02   9.02  -3.11   .8129   .2802   .0180   .8589  -.0403  -.1050   .0133  -.0183   .3 25.0 99.0  20.25   8.47    .00
  20.39   6.62  20.09   7.52  -2.60   .8163   .2752   .0178   .8602  -.0400  -.0830   .0093  -.0136   .3 25.0 99.0  20.25   7.06    .00
  20.34   5.30  20.15   6.02  -2.08   .8196   .2715   .0177   .8619  -.0395  -.0595   .0051  -.0088   .3 25.0 99.0  20.25   5.65    .00
  20.30   3.97  20.19   4.51  -1.56   .8222   .2690   .0174   .8634  -.0390  -.0352   .0009  -.0039   .3 25.0 99.0  20.25   4.24    .00
  20.27   2.65  20.22   3.01  -1.04   .8238   .2679   .0171   .8645  -.0386  -.0105  -.0035   .0010   .3 25.0 99.0  20.25   2.82    .00
  20.26   1.32  20.24   1.50   -.52   .8250   .2688   .0167   .8660  -.0378   .0144  -.0080   .0059   .3 25.0 99.0  20.25   1.41    .00
  20.25    .00  20.25    .00    .00   .8253   .2711   .0163   .8671  -.0371   .0400  -.0125   .0108   .3 25.0 99.0  20.25    .00    .00
  20.26  -1.32  20.24  -1.50    .52   .8246   .2749   .0157   .8678  -.0365   .0664  -.0170   .0156   .3 25.0 99.0  20.25  -1.41    .00
  20.27  -2.65  20.22  -3.01   1.04   .8232   .2807   .0152   .8687  -.0354   .0927  -.0214   .0203   .3 25.0 99.0  20.25  -2.82    .00
  20.30  -3.97  20.19  -4.51   1.56   .8210   .2879   .0146   .8693  -.0344   .1183  -.0259   .0249   .3 25.0 99.0  20.25  -4.24    .00
  20.34  -5.30  20.15  -6.02   2.08   .8180   .2966   .0140   .8698  -.0335   .1432  -.0302   .0292   .3 25.0 99.0  20.25  -5.65    .00
  20.39  -6.62  20.09  -7.52   2.60   .8147   .3066   .0134   .8704  -.0322   .1674  -.0344   .0334   .3 25.0 99.0  20.25  -7.06    .00
  20.45  -7.94  20.02  -9.02   3.11   .8106   .3174   .0127   .8706  -.0310   .1912  -.0382   .0374   .3 25.0 99.0  20.25  -8.47    .00
  20.53  -9.27  19.94 -10.52   3.62   .8061   .3288   .0121   .8707  -.0298   .2138  -.0418   .0411   .3 25.0 99.0  20.25  -9.88    .00
  20.62 -10.59  19.84 -12.02   4.13   .8017   .3406   .0115   .8710  -.0285   .2347  -.0452   .0445   .3 25.0 99.0  20.25 -11.29    .00
  20.72 -11.91  19.73 -13.51   4.64   .7969   .3523   .0110   .8709  -.0273   .2536  -.0483   .0477   .3 25.0 99.0  20.25 -12.71    .00
  20.83 -13.23  19.61 -15.01   5.14   .7923   .3636   .0105   .8708  -.0262   .2713  -.0511   .0505   .3 25.0 99.0  20.25 -14.12    .00
  20.95 -14.55  19.48 -16.50   5.64   .7880   .3744   .0101   .8708  -.0251   .2873  -.0534   .0530   .3 25.0 99.0  20.25 -15.53    .00
  21.09 -15.87  19.34 -17.99   6.14   .7837   .3838   .0097   .8703  -.0240   .3008  -.0553   .0552   .3 25.0 99.0  20.25 -16.94    .00
  21.24 -17.18  19.18 -19.47   6.63   .7803   .3918   .0094   .8701  -.0231   .3118  -.0569   .0570   .3 25.0 99.0  20.25 -18.35    .00
  21.41 -18.50  19.01 -20.96   7.11   .7774   .3981   .0092   .8698  -.0223   .3211  -.0580   .0584   .3 25.0 99.0  20.25 -19.76    .00
  21.59 -19.81  18.83 -22.44   7.59   .7755   .4025   .0092   .8695  -.0216   .3281  -.0586   .0594   .3 25.0 99.0  20.25 -21.18    .00
  21.78 -21.12  18.64 -23.91   8.07   .7744   .4046   .0092   .8693  -.0211   .3329  -.0590   .0601   .3 25.0 99.0  20.25 -22.59    .00
  21.99 -22.43  18.43 -25.39   8.53   .7743   .4046   .0093   .8691  -.0208   .3363  -.0590   .0605   .3 25.0 99.0  20.25 -24.00    .00
  21.99 -22.43  18.43 -25.39   8.53   .7757   .4095   .0087   .8730  -.0204   .3358  -.0582   .0605   .3 25.0 99.0  20.25 -24.00    .00
